684.26965
691.6276
699.4183
730.90094
689.87256
633.1994
737.5863
705.04004
685.35706
726.25433
707.85815
696.5045
703.28876
688.56415
701.05225
745.93677
647.33655
694.0305
702.7764
673.33514
743.4469
736.43567
734.1222
737.4239
723.23883
718.8404
740.2799
742.15436
733.35254
727.9537
720.80725
742.2102
701.33655
733.18317
731.8566
716.8008
731.117
734.8205
746.4776
715.7862
688.63654
728.10016
685.84436
690.5294
695.7926
593.13696
705.382
668.5626
671.2177
685.5389
692.6179
694.44586
659.8806
723.449
692.8677
711.9789
650.84985
675.3382
676.0421
714.50653
742.6251
759.1599
735.20874
749.00775
746.6344
746.1516
723.15985
747.65784
733.7623
736.9652
721.14087
746.0628
744.6367
750.38214
752.0869
746.034
746.3145
745.1683
747.2274
743.833
926.70654
940.9648
953.1601
933.1064
943.5952
859.83905
840.6484
850.61957
937.97095
860.27094
864.23944
931.7712
954.958
902.5564
948.97235
840.02814
876.045
904.6668
912.24274
905.853
981.399
965.7262
949.81805
967.1396
958.5541
934.4451
960.0029
972.7575
968.81055
930.97943
964.33496
981.2181
953.85376
950.2934
932.1841
950.5665
956.7517
954.25195
964.8406
919.58264
925.4861
848.90643
928.0008
929.9925
942.7905
880.07526
937.4859
906.9025
908.57776
886.6704
933.24316
950.7296
893.2236
854.72974
936.54626
845.7479
878.3062
910.3573
917.5744
843.7679
988.7575
982.6832
969.5832
977.1447
977.7
982.4747
939.4682
997.6215
967.01807
967.2672
948.85626
981.249
960.148
972.0851
989.826
975.71783
964.6538
972.1801
972.80444
970.8173
