0.21348798
0.22385763
0.23680246
0.2061026
0.20884502
0.13146387
0.21609232
0.16782083
0.20685872
0.20738909
0.1934629
0.20761041
0.22700748
0.20223832
0.23364268
0.23114926
0.125451
0.20133853
0.21051085
0.20461075
0.25720054
0.2379498
0.22010344
0.2420614
0.25162634
0.20817299
0.25532702
0.26041406
0.22711581
0.21367908
0.2457702
0.26253673
0.2073142
0.22186334
0.18995312
0.23045233
0.26013795
0.23292585
0.24722892
0.20069806
0.1656379
0.16820651
0.16893435
0.16800818
0.18037534
0.1428734
0.19803472
0.15551975
0.18954846
0.15085499
0.18950896
0.18592522
0.15735409
0.16892494
0.19704564
0.17326373
0.15079017
0.16746506
0.16522303
0.18101278
0.19079986
0.18736927
0.18238439
0.20369074
0.186409
0.21115074
0.16780043
0.22444673
0.19485845
0.20343465
0.16785857
0.19234009
0.17721084
0.18890947
0.2144052
0.20443076
0.19596411
0.19290286
0.1911584
0.20785181
0.60564023
0.5994577
0.62460667
0.6263856
0.6230133
0.5584888
0.49360794
0.54112744
0.6352949
0.55880815
0.5604394
0.601224
0.6385661
0.5981373
0.6220707
0.48546582
0.5634191
0.61253554
0.6069623
0.6078683
0.6234879
0.608312
0.58934057
0.61571145
0.59961396
0.5874566
0.61612606
0.64295816
0.65532804
0.58776027
0.58771884
0.6390249
0.5936245
0.591352
0.5694752
0.61296123
0.6291429
0.6171211
0.629914
0.5859929
0.5424906
0.47572225
0.5582983
0.5657948
0.59035146
0.6044998
0.59475076
0.5913344
0.5789692
0.5835375
0.58908594
0.6088167
0.55942756
0.4769495
0.6032804
0.4840343
0.56280154
0.5825419
0.575176
0.4845879
0.61117893
0.5728395
0.58786285
0.5654742
0.59883237
0.6049747
0.5670681
0.62816644
0.59655267
0.59467417
0.55872095
0.61079323
0.57566154
0.58463335
0.61364967
0.59685856
0.59216565
0.5954283
0.5892265
0.5881616
