0.08401145
0.07766321
0.08211915
0.0045656357
0.07941199
0.022592096
0.016640598
0.026443087
0.08458693
0.010376353
0.0041224137
0.08218818
0.0853546
0.08729917
0.086756706
0.06666074
0.02976892
0.018506153
0.09595181
0.015919395
0.21103303
0.20448281
0.21088511
0.20776238
0.18936266
0.19991328
0.20375483
0.20971914
0.20718633
0.20177123
0.1892781
0.20000127
0.2009628
0.20983258
0.20241931
0.20118582
0.19895285
0.20107046
0.20280665
0.19531244
0.11743241
0.0036493188
0.11046218
0.117413305
0.1186915
0.015732976
0.123424575
0.123561904
0.12082217
0.011547778
0.11515887
0.12615131
0.115818724
0.005113842
0.114924006
0.036516387
0.11057711
0.12693632
0.11630067
0.039007466
0.27465928
0.27747935
0.27651885
0.26964775
0.27350828
0.2667513
0.2609721
0.25785378
0.26198125
0.26891583
0.26032466
0.2769281
0.26535144
0.2780745
0.25882825
0.26888993
0.26781446
0.26414746
0.28223574
0.27286458
0.19356054
0.22847542
0.23049575
0.04043423
0.18349414
0.030292114
0.022909505
0.031947464
0.19427787
0.034861773
0.020257665
0.16327874
0.20256285
0.1389991
0.21651603
0.045581315
0.030269098
0.074312635
0.16062866
0.111034386
0.32463765
0.29543382
0.283485
0.30344573
0.30475295
0.25648758
0.31001705
0.31406122
0.26909783
0.26406276
0.30959165
0.30762282
0.28892413
0.27580848
0.24127741
0.28563184
0.30797538
0.26927415
0.2875786
0.24112043
0.25632071
0.0028554574
0.2482595
0.24458873
0.26171535
0.10673135
0.2790909
0.19889328
0.2681026
0.034256194
0.26307094
0.2619608
0.20612548
0.004331638
0.27018565
0.026109116
0.1890939
0.22841957
0.23591676
0.03076451
0.37304994
0.37717313
0.36469987
0.394976
0.36612868
0.39345118
0.33776328
0.3956858
0.37129426
0.3863681
0.36305907
0.37714764
0.3519554
0.3727685
0.3767337
0.37744927
0.36203068
0.36977005
0.38116997
0.38647318
