0.63240504
0.6384287
0.64171934
0.7001982
0.64603126
0.6179404
0.69800335
0.6832832
0.6372162
0.6912163
0.67910254
0.65023303
0.649541
0.64268196
0.6428813
0.7022519
0.6329008
0.66172856
0.65267855
0.6370861
0.64644426
0.64757437
0.6474951
0.64654166
0.6309727
0.64074636
0.6437941
0.6437328
0.6517769
0.64909977
0.62655216
0.64833784
0.61927307
0.6493532
0.66218424
0.6292306
0.63642347
0.6522166
0.6598298
0.6438431
0.64232486
0.7096539
0.64237356
0.6433477
0.6468397
0.57481015
0.6505759
0.6245504
0.6162786
0.6673237
0.6427796
0.64249694
0.61592513
0.7050495
0.64309686
0.6908039
0.6121139
0.6266064
0.63131064
0.6891977
0.64821786
0.6618317
0.6405869
0.6499964
0.65201527
0.64719063
0.6348681
0.6491376
0.64408046
0.63974506
0.6336014
0.6568884
0.6574501
0.65827537
0.65739244
0.6487232
0.65271795
0.65433866
0.64926815
0.6446611
0.64095396
0.64756674
0.64928705
0.6744966
0.66021746
0.6353861
0.64644
0.6434515
0.62948424
0.6269139
0.6383158
0.66202444
0.6531872
0.63656557
0.65225834
0.67055285
0.6557138
0.6381907
0.63041055
0.63189685
0.6543413
0.65438867
0.6527281
0.6509226
0.6463903
0.64376014
0.6343886
0.6312384
0.6388913
0.6381589
0.6537102
0.64974535
0.655211
0.65881455
0.6634578
0.63407123
0.6216261
0.6436349
0.639181
0.63616437
0.6565548
0.69439507
0.65276414
0.65070814
0.64747876
0.6102396
0.62521785
0.6265569
0.60854065
0.64595747
0.6367741
0.648979
0.63387156
0.70153946
0.63549125
0.68249047
0.6176987
0.6240245
0.63274246
0.67829436
0.6520485
0.6566435
0.6482393
0.6500879
0.64820546
0.6343258
0.6317074
0.63701695
0.6357861
0.6265325
0.6364914
0.6497799
0.6497838
0.6535246
0.6489559
0.63980067
0.6369982
0.63899535
0.64034295
0.6385416
