3.2986314E7
7.6173832E7
1.29312712E8
1.30790448E8
1.63961504E8
1.65420592E8
1.65955872E8
1.67287216E8
2.18568848E8
2.19225504E8
2.1979408E8
2.5306376E8
2.90750528E8
3.21508352E8
3.74181568E8
3.75931712E8
3.77527232E8
3.846744E8
4.28734208E8
4.3688256E8
5.6733254E8
6.8750573E8
7.9947405E8
9.223088E8
1.05045715E9
1.1828704E9
1.35342618E9
1.51265792E9
1.66342349E9
1.78864333E9
1.95729114E9
2.10314931E9
2.24081715E9
2.36844288E9
2.47815219E9
2.65351987E9
2.84652442E9
2.99943245E9
3.13377664E9
3.27557683E9
3.28936013E9
3.28936013E9
3.3056727E9
3.32295091E9
3.3385129E9
3.34138829E9
3.36290688E9
3.38352486E9
3.40570061E9
3.40605798E9
3.42489754E9
3.44479693E9
3.46335898E9
3.46335898E9
3.48139238E9
3.48173619E9
3.50314138E9
3.52471731E9
3.55009306E9
3.55046682E9
3.600352E9
3.65064576E9
3.7030935E9
3.76000486E9
3.81482803E9
3.89391462E9
3.96091341E9
4.04348493E9
4.11689805E9
4.18740557E9
4.25965645E9
4.3238313E9
4.3769841E9
4.4380467E9
4.5091261E9
4.5949619E9
4.6694118E9
4.7485798E9
4.8232842E9
4.9080684E9
1.5268172E7
3.256204E7
5.0418548E7
5.1245272E7
6.7458856E7
6.8484696E7
6.91208E7
7.0127472E7
9.4478584E7
9.5384608E7
9.583156E7
1.1342796E8
1.3300732E8
1.49490032E8
1.70145424E8
1.71041136E8
1.7199616E8
1.77756544E8
2.04374064E8
2.10394704E8
2.9155552E8
3.65206624E8
4.371192E8
5.16091808E8
5.938256E8
6.8034739E8
7.8192666E8
8.8625363E8
9.833447E8
1.06852998E9
1.15490765E9
1.24740902E9
1.32685683E9
1.40565978E9
1.47820966E9
1.58008666E9
1.69577907E9
1.79674598E9
1.90291213E9
1.99240755E9
2.00213824E9
2.00214592E9
2.01264128E9
2.02353728E9
2.03541082E9
2.03731558E9
2.05372634E9
2.0690903E9
2.08567821E9
2.08607834E9
2.09849651E9
2.11166963E9
2.12464922E9
2.12466086E9
2.13756352E9
2.13797658E9
2.15296998E9
2.17034624E9
2.187328E9
2.18753664E9
2.24007552E9
2.28951424E9
2.34237286E9
2.3952919E9
2.44916813E9
2.51606733E9
2.5751977E9
2.64546534E9
2.70864179E9
2.77401037E9
2.82680474E9
2.88669952E9
2.94240973E9
2.99939686E9
3.0623977E9
3.13194726E9
3.2016151E9
3.27008742E9
3.33633203E9
3.40354432E9
