2.3187798E7
4.7947992E7
7.350528E7
7.350528E7
9.4099456E7
9.4099456E7
9.4099456E7
9.4099456E7
1.15408344E8
1.15408344E8
1.15408344E8
1.35330304E8
1.59616032E8
1.791248E8
2.05198688E8
2.05198688E8
2.05198688E8
2.05198688E8
2.27830192E8
2.27830192E8
4.2112816E8
5.8968134E8
7.4600858E8
9.2095834E8
1.09287219E9
1.23450086E9
1.41762944E9
1.60805389E9
1.76701747E9
1.91004442E9
2.08818714E9
2.26896102E9
2.42958797E9
2.58545997E9
2.72136858E9
2.8845655E9
3.07576371E9
3.23707571E9
3.407392E9
3.54450406E9
3.57160499E9
3.57160499E9
3.59912192E9
3.62770125E9
3.65687219E9
3.65687219E9
3.68893747E9
3.71571584E9
3.74774682E9
3.74774682E9
3.77788595E9
3.80893312E9
3.83393766E9
3.83393766E9
3.86442931E9
3.86442931E9
3.8877312E9
3.91695923E9
3.94454886E9
3.94454886E9
4.1259863E9
4.3062195E9
4.4860508E9
4.6813804E9
4.8614779E9
5.0634173E9
5.2219382E9
5.4280069E9
5.6122522E9
5.8105856E9
5.9815009E9
6.1736008E9
6.3461627E9
6.5264906E9
6.7237007E9
6.9166259E9
7.101716E9
7.2867287E9
7.4820972E9
7.6807552E9
0.0
0.0
0.0
0.0
0.0
0.0
0.0
0.0
0.0
0.0
0.0
0.0
0.0
0.0
0.0
0.0
0.0
0.0
0.0
0.0
0.0
0.0
0.0
0.0
0.0
0.0
0.0
0.0
0.0
0.0
0.0
0.0
0.0
0.0
0.0
0.0
0.0
0.0
0.0
0.0
0.0
0.0
0.0
0.0
0.0
0.0
0.0
0.0
0.0
0.0
0.0
0.0
0.0
0.0
0.0
0.0
0.0
0.0
0.0
0.0
0.0
0.0
0.0
0.0
0.0
0.0
0.0
0.0
0.0
0.0
0.0
0.0
0.0
0.0
0.0
0.0
0.0
0.0
0.0
0.0
