0.16564678
0.18414511
0.18872182
0.22506188
0.16385555
0.13429882
0.11961051
0.12408748
0.16092473
0.11625186
0.12654072
0.15049861
0.17455482
0.13991235
0.18078157
0.21904054
0.12831274
0.13669913
0.14529441
0.14623313
0.18831913
0.16841546
0.15521698
0.17731737
0.18101701
0.14188655
0.18208903
0.17990404
0.15575941
0.14327009
0.180055
0.18438114
0.15988387
0.15062967
0.13554421
0.15728147
0.18179227
0.15575595
0.16425216
0.13466977
0.15792735
0.23903754
0.15732197
0.15855747
0.1673213
0.1447842
0.17314222
0.13907917
0.17714882
0.14180997
0.17230006
0.16722998
0.14108276
0.23011746
0.17600228
0.21610373
0.13620314
0.14974684
0.1563064
0.2274812
0.16729215
0.16446997
0.16108868
0.18055044
0.1647621
0.19026291
0.14808355
0.19977985
0.17191416
0.17970629
0.16785857
0.17300545
0.15816043
0.16544053
0.1879059
0.17233433
0.16676521
0.16825168
0.16838185
0.17784888
