0.64020914
0.65345865
0.647488
0.7106917
0.65091234
0.61576164
0.6279269
0.6179545
0.60951716
0.5885148
0.6240824
0.65057266
0.6499796
0.6206498
0.653105
0.6876917
0.6329589
0.61412805
0.61249596
0.6118114
0.65778387
0.6499831
0.6453453
0.6486461
0.64444065
0.6244196
0.6281899
0.61967224
0.61377096
0.61807317
0.65604997
0.6484723
0.649846
0.6485272
0.6523572
0.6157072
0.61168975
0.6309485
0.6269312
0.6160983
0.6503743
0.7277911
0.64143723
0.6414868
0.63927835
0.5891024
0.61141515
0.598848
0.60492873
0.62120616
0.6308165
0.63927186
0.6181965
0.7161146
0.6268759
0.6840382
0.6048616
0.6093668
0.6209127
0.68810904
0.6407487
0.64767486
0.6345662
0.64949125
0.63483584
0.6334305
0.61833215
0.6303908
0.62297505
0.62066627
0.6336014
0.6409111
0.6399154
0.64267635
0.6474367
0.6291414
0.62834096
0.6278019
0.63121426
0.6308936
