2.2174952E7
4.7551556E7
7.4079536E7
7.5059424E7
9.7389744E7
9.857204E7
9.9464368E7
1.00586456E8
1.2947952E8
1.3049336E8
1.30989128E8
1.5428088E8
1.80580256E8
2.01591936E8
2.30142352E8
2.3174664E8
2.32809616E8
2.39252208E8
2.70146784E8
2.77090944E8
3.92223424E8
4.91724096E8
5.870135E8
6.9448928E8
8.032727E8
9.0297414E8
1.03179328E9
1.16311706E9
1.27598003E9
1.37600922E9
1.49748301E9
1.62255386E9
1.72541683E9
1.82610112E9
1.91313933E9
2.03203584E9
2.17890816E9
2.29801549E9
2.42793088E9
2.52786381E9
2.54201754E9
2.54201754E9
2.55674368E9
2.57282586E9
2.59018778E9
2.5924951E9
2.61511014E9
2.63337651E9
2.65632563E9
2.65681587E9
2.67552154E9
2.69405875E9
2.71041203E9
2.71041203E9
2.72976102E9
2.73018726E9
2.74789683E9
2.76843443E9
2.78992947E9
2.7903936E9
2.86009574E9
2.93013914E9
3.00002253E9
3.07882701E9
3.14989594E9
3.2418071E9
3.3140137E9
3.41106176E9
3.49247539E9
3.57972762E9
3.6519785E9
3.73357491E9
3.80696704E9
3.88172186E9
3.97138534E9
4.06194739E9
4.15142758E9
4.23894835E9
4.325781E9
4.4160896E9
