0.087959364
0.08389551
0.0883724
0.007898682
0.08535973
0.034148347
0.028047618
0.03510194
0.09304119
0.020805925
0.004788713
0.08528674
0.0893081
0.08750889
0.09342087
0.07075053
0.03242571
0.029344454
0.100186445
0.027364982
0.2038884
0.19897519
0.20415118
0.20335214
0.1853377
0.19574377
0.20150064
0.2067721
0.20628583
0.19891675
0.19247314
0.1960487
0.2069163
0.20485461
0.1983442
0.20292619
0.20056076
0.19809328
0.20111322
0.1955346
0.12064389
0.005928676
0.11504414
0.12154294
0.1219105
0.02023308
0.12947087
0.12976772
0.12818539
0.016992036
0.11800148
0.12999919
0.1207368
0.0092115775
0.11851427
0.047376297
0.11642556
0.13289733
0.123102516
0.05355616
0.26862493
0.2698723
0.27090377
0.2647959
0.26686713
0.26444963
0.25840908
0.2547085
0.2588249
0.26544026
0.26029912
0.27090424
0.26061055
0.27351922
0.25415823
0.2656981
0.26444802
0.2615117
0.27818924
0.26980913
0.08978281
0.08529677
0.08986157
0.015161635
0.086700626
0.03812978
0.038399324
0.039432857
0.09420547
0.025106579
0.0069270753
0.08652245
0.09010793
0.08891156
0.094138525
0.07951096
0.037485152
0.031243483
0.10175781
0.030075079
0.20282814
0.19802596
0.20285937
0.20247854
0.18447317
0.19467601
0.20049345
0.20590788
0.20510636
0.19789635
0.19139409
0.19514823
0.20579053
0.20386943
0.19770446
0.20195292
0.1997711
0.19749597
0.20037656
0.1945733
0.121334344
0.0051005837
0.1158408
0.12210874
0.12246608
0.021502111
0.13003816
0.13056158
0.12872256
0.021316072
0.11853195
0.13032725
0.121327594
0.007952123
0.11903758
0.05092487
0.11694666
0.13364804
0.12427482
0.05805776
0.26740453
0.26895723
0.2699302
0.26381168
0.26571524
0.2636214
0.2574666
0.2539659
0.25771043
0.26439795
0.25929147
0.27001205
0.2596014
0.27265337
0.25333962
0.2649981
0.26356602
0.2607499
0.27763218
0.2692193
