0.17620394
0.18414511
0.18872182
0.22506188
0.16385555
0.13429882
0.11961051
0.12408748
0.16092473
0.11625186
0.12654072
0.15049861
0.17455482
0.13991235
0.18078157
0.21904054
0.12831274
0.13669913
0.14529441
0.14623313
0.18831913
0.16841546
0.15521698
0.17731737
0.18101701
0.14188655
0.18208903
0.17990404
0.15575941
0.14327009
0.180055
0.18438114
0.15983003
0.15062967
0.13554421
0.15721768
0.18179227
0.15575595
0.16425216
0.13466977
0.15792735
0.23903754
0.15732197
0.15855747
0.1673213
0.1447842
0.17314222
0.13907917
0.17714882
0.14180997
0.17230006
0.16722998
0.14108276
0.23011746
0.17600228
0.21610373
0.13620314
0.14974684
0.1563064
0.2274812
0.16729215
0.16446997
0.16108868
0.18055044
0.1647621
0.19026291
0.14807495
0.19977985
0.17191416
0.17970629
0.16785857
0.17300545
0.15816043
0.16544053
0.1879059
0.17233433
0.16676521
0.16825168
0.16838185
0.17784888
0.1606933
0.1835479
0.187247
0.19918208
0.159466
0.12988225
0.121627994
0.11917672
0.15935706
0.12190092
0.131389
0.15177841
0.17355853
0.14135438
0.17632076
0.19590358
0.12783293
0.13493297
0.1406825
0.14708717
0.18800417
0.16672325
0.15124124
0.17576009
0.18186702
0.13690075
0.17495215
0.17822874
0.15202214
0.14314833
0.17878884
0.18503287
0.15724382
0.14979912
0.13294756
0.15711196
0.178525
0.15676074
0.16339551
0.13239503
0.16134527
0.21833654
0.15778685
0.1664476
0.16873676
0.14916758
0.17315467
0.13933781
0.17632489
0.14471866
0.17627774
0.16885504
0.1401039
0.22011818
0.17399085
0.20719881
0.13615477
0.14845635
0.15345098
0.21740802
0.16556622
0.16571444
0.1651503
0.1801565
0.1632873
0.18502264
0.1459894
0.19182052
0.16602348
0.1794055
0.16234295
0.16961616
0.15615003
0.16456282
0.18577783
0.17288554
0.16465089
0.16760331
0.16584854
0.17961498
