0.628061
0.65345865
0.647488
0.7106917
0.65091234
0.61576164
0.6279269
0.6179545
0.60951716
0.5885148
0.6240824
0.65057266
0.6499796
0.6206498
0.653105
0.6876917
0.6329589
0.61412805
0.61249596
0.6118114
0.65778387
0.6499831
0.6453453
0.6486461
0.64444065
0.6244196
0.6281899
0.61967224
0.61377096
0.61807317
0.65604997
0.6484723
0.6496339
0.6485272
0.6523572
0.61616844
0.61168975
0.6309485
0.6269312
0.6160983
0.6503743
0.7277911
0.64143723
0.6414868
0.63927835
0.5891024
0.61141515
0.598848
0.60492873
0.62120616
0.6308165
0.63927186
0.6181965
0.7161146
0.6268759
0.6840382
0.6048616
0.6093668
0.6209127
0.68810904
0.6407487
0.64767486
0.6345662
0.64949125
0.63483584
0.6334305
0.6182327
0.6303908
0.62297505
0.62066627
0.6336014
0.6409111
0.6399154
0.64267635
0.6474367
0.6291414
0.62834096
0.6278019
0.63121426
0.6308936
0.6219362
0.6397689
0.6341097
0.676087
0.6338001
0.59679186
0.61315763
0.59462965
0.59605706
0.5864949
0.61433595
0.6403474
0.6411353
0.61212504
0.6368587
0.6553962
0.6195707
0.600444
0.60096043
0.6056636
0.6443416
0.63856536
0.6304505
0.64371055
0.6380549
0.6100254
0.6149298
0.61292547
0.6053968
0.60693204
0.6504053
0.64386797
0.6433538
0.640482
0.64234567
0.6140798
0.6044973
0.62565225
0.61959374
0.60592514
0.64493966
0.70046437
0.6398339
0.6416188
0.63192457
0.5832805
0.60649675
0.5969281
0.60385484
0.6184305
0.63160974
0.6358124
0.6072581
0.7052627
0.6196343
0.671205
0.5925644
0.6050677
0.61232
0.6724601
0.6327277
0.64585626
0.6381783
0.642347
0.63164103
0.62313396
0.6107107
0.6211544
0.6135986
0.6121514
0.6276773
0.63694066
0.6322993
0.6413767
0.647316
0.6255874
0.62152797
0.6239651
0.6288308
0.6319782
