667.9492
693.8335
689.9627
751.617
682.4378
633.3234
643.66486
632.81964
646.4203
602.68536
638.67035
681.5
687.83984
650.6705
693.6804
737.41425
648.579
631.84625
646.6342
632.77954
723.9592
711.2319
705.85034
712.8699
705.9215
679.4883
695.2773
687.35803
673.6005
675.16846
720.41406
711.0811
710.7849
706.9683
705.33856
677.7676
678.52313
688.72876
687.6219
669.4068
696.04614
772.97003
683.98663
687.7132
686.4886
608.52496
663.67523
642.1665
658.24133
639.9469
677.66364
687.23004
659.41095
759.49695
672.90564
727.3747
641.8524
655.67505
665.8961
736.5416
726.6947
737.7113
720.3976
739.62445
721.43024
724.2646
699.2969
720.3734
706.0272
710.5556
721.14044
724.1826
722.43225
728.4059
732.75555
716.4068
714.8285
713.0685
722.5098
720.0027
658.1022
680.70074
676.8678
709.52246
665.1007
614.1065
630.14844
609.37
633.2975
602.0689
630.1841
671.89264
679.1663
642.9144
677.2476
699.4298
635.6664
618.3246
634.92816
627.12366
711.1756
699.83075
690.5976
707.43585
699.70074
664.6365
681.0208
680.49963
664.7043
664.35504
714.3872
706.5895
704.0535
698.88934
695.1796
675.3388
670.7624
683.6536
680.32886
659.16895
691.57385
740.6462
682.56433
689.7202
679.96246
603.8283
659.0912
640.3905
657.24835
638.05066
679.31537
684.3275
648.9038
746.1407
665.727
712.56116
630.2003
651.56024
656.95276
719.01215
718.6466
735.72375
724.1107
732.56573
717.63995
713.40155
691.9445
709.76666
695.8238
702.47876
714.15576
719.32855
714.6273
726.8828
731.8896
713.0069
707.8641
708.9725
719.446
721.1395
