2.158574E7
4.6962384E7
7.3490496E7
7.4470384E7
9.6800704E7
9.7983E7
9.8875328E7
9.9997416E7
1.2889048E8
1.2990432E8
1.30400088E8
1.53692048E8
1.79991424E8
2.01003104E8
2.2955352E8
2.31157808E8
2.32220784E8
2.38663376E8
2.6955824E8
2.765024E8
3.9163488E8
4.91136192E8
5.864256E8
6.9390138E8
8.026848E8
9.0238624E8
1.03120538E9
1.16252979E9
1.27539277E9
1.37542195E9
1.49689574E9
1.62196659E9
1.72484915E9
1.82553331E9
1.91257152E9
2.03168538E9
2.17855846E9
2.29766579E9
2.42758118E9
2.52751411E9
2.54166784E9
2.54166784E9
2.55639398E9
2.57247616E9
2.58983808E9
2.59214541E9
2.61476045E9
2.63302682E9
2.65597594E9
2.65646618E9
2.67517184E9
2.69370906E9
2.71006234E9
2.71006234E9
2.72941133E9
2.72983757E9
2.74754714E9
2.76808474E9
2.78957978E9
2.7900439E9
2.85974605E9
2.92978944E9
2.99967283E9
3.07847731E9
3.14954624E9
3.24145741E9
3.31379098E9
3.41083904E9
3.49225267E9
3.5795049E9
3.6517696E9
3.73336602E9
3.80675814E9
3.88151296E9
3.97117645E9
4.0617385E9
4.15121869E9
4.23873946E9
4.3255711E9
4.4158797E9
2.4629846E7
5.2335712E7
8.1713616E7
8.377128E7
1.0870196E8
1.10071856E8
1.11346096E8
1.1260796E8
1.4358264E8
1.44796256E8
1.45518864E8
1.70690352E8
1.990416E8
2.22267488E8
2.53013872E8
2.5493944E8
2.56213424E8
2.632488E8
2.95521984E8
3.03210784E8
4.26747776E8
5.33548896E8
6.3747117E8
7.5358336E8
8.7250861E8
9.8060058E8
1.11731456E9
1.25675418E9
1.37654298E9
1.48396557E9
1.61273702E9
1.74619853E9
1.85818598E9
1.96687782E9
2.05850918E9
2.18663629E9
2.34086093E9
2.46784128E9
2.60541235E9
2.7125504E9
2.72795034E9
2.72795034E9
2.74419661E9
2.76156416E9
2.78035763E9
2.78285338E9
2.80684544E9
2.82641715E9
2.85065984E9
2.85126963E9
2.8714839E9
2.89114445E9
2.90896819E9
2.90896819E9
2.92994483E9
2.93035392E9
2.94894413E9
2.97073434E9
2.99354445E9
2.99402266E9
3.06928461E9
3.14379187E9
3.21778867E9
3.30156288E9
3.37770854E9
3.47421286E9
3.5503337E9
3.65165158E9
3.73863629E9
3.8310377E9
3.90807117E9
3.99416934E9
4.0715497E9
4.15055821E9
4.24567731E9
4.3402071E9
4.4334085E9
4.5242788E9
4.6148152E9
4.7079731E9
