0.63192546
0.6390126
0.6413076
0.6618931
0.65043527
0.6211384
0.6328259
0.6231173
0.62024087
0.61674124
0.6296581
0.6540927
0.6453525
0.6292564
0.64398366
0.65148914
0.6456532
0.62831247
0.62308186
0.623881
0.6439812
0.64808506
0.6445466
0.64492303
0.63855845
0.6331386
0.628638
0.6266084
0.6304398
0.626991
0.648883
0.64567333
0.64729965
0.6504449
0.65716136
0.62631845
0.6149436
0.63560945
0.6309863
0.62631565
0.65520257
0.68500406
0.64824563
0.64685965
0.6432193
0.61120325
0.6220565
0.62386495
0.60635734
0.64181674
0.63261473
0.64930236
0.6310208
0.6981688
0.6326867
0.67395276
0.6137366
0.62414235
0.6284912
0.6658709
0.6505237
0.6546597
0.64883465
0.64891344
0.64618504
0.63388693
0.6295545
0.6350817
0.6311915
0.6250106
0.6346904
0.65038544
0.64686626
0.65328974
0.6463371
0.63842905
0.6359145
0.6380993
0.63723856
0.6352996
