0.60750514
0.6041843
0.6275257
0.6395804
0.62012696
0.55001295
0.4967381
0.5256038
0.62684673
0.56067145
0.563212
0.60265875
0.64126796
0.59631836
0.62780064
0.47705066
0.54391646
0.61498404
0.6085028
0.606477
0.61701685
0.60226303
0.5846151
0.6138076
0.5918209
0.5782408
0.6129025
0.63420707
0.6476704
0.57665414
0.58466405
0.63693756
0.5882993
0.58795446
0.5669198
0.6112976
0.6233397
0.6128062
0.6252312
0.5761302
0.5502049
0.45546535
0.56224155
0.5673478
0.59285927
0.6054868
0.593081
0.5920583
0.5816804
0.5956542
0.591189
0.6154054
0.56190985
0.4792453
0.60548925
0.47870958
0.56156594
0.58909506
0.5756873
0.48830083
0.611649
0.5703834
0.59129405
0.56687963
0.59760815
0.61003464
0.5654139
0.6223678
0.59283286
0.5945776
0.55663395
0.6153848
0.5741254
0.5851806
0.61252624
0.598749
0.59413713
0.59388083
0.58650637
0.5894774
