0.20044567
0.24048053
0.23624791
0.051505756
0.19195385
0.029663784
0.03101051
0.032609235
0.20467673
0.045207307
0.02579309
0.1647982
0.20656405
0.14451967
0.21885613
0.049890604
0.030880863
0.08397818
0.16546032
0.11812898
0.32482794
0.30112946
0.28492087
0.3054731
0.3091406
0.25680456
0.31212133
0.31549332
0.272927
0.26523563
0.30665162
0.30925152
0.2866676
0.27507612
0.24111816
0.2857387
0.3095623
0.2707815
0.28871414
0.24445283
0.26009107
0.002767484
0.254304
0.25200856
0.2692881
0.11679985
0.2856318
0.2029989
0.27485365
0.042781893
0.2656368
0.26525635
0.2089512
0.0040348456
0.27430537
0.029954616
0.19545665
0.2394901
0.23984513
0.033745203
0.37515932
0.37861723
0.36685902
0.39784095
0.36765778
0.3974886
0.34101468
0.3967868
0.3747933
0.38718593
0.36341655
0.37893534
0.35650215
0.37353894
0.37967357
0.3812341
0.36297154
0.37253442
0.38209465
0.38818052
