923.19183
940.6539
950.9732
933.80664
936.87994
843.1963
831.08124
826.1807
928.9582
854.0507
859.5576
927.87103
952.8151
897.295
946.9799
820.59717
857.3023
899.2473
907.84515
899.5655
970.87335
959.87775
941.74524
962.3049
950.0657
920.6762
954.0613
965.3874
959.1641
916.4293
958.0797
977.7147
944.81635
941.7787
926.36383
944.1366
949.3947
946.07153
956.58167
907.80054
929.30054
830.0348
929.3454
930.38434
943.6663
883.89343
936.42053
906.0536
911.04193
891.4753
932.59686
955.7535
893.6865
852.38165
937.5347
835.7259
876.5807
917.5137
916.0584
835.663
988.76904
980.4197
972.526
978.26434
975.96625
986.1409
938.6889
994.36816
963.08795
966.26917
946.6227
984.6269
959.1454
972.85187
988.39923
977.3727
965.4187
971.91925
969.1324
969.7185
