1.6592234E7
3.46254E7
5.3619876E7
5.4656448E7
7.1769168E7
7.275172E7
7.3512232E7
7.4494408E7
9.9048072E7
1.00073192E8
1.00632752E8
1.1961036E8
1.40018064E8
1.58043104E8
1.79280816E8
1.80255152E8
1.8122648E8
1.87343648E8
2.14781296E8
2.20945872E8
3.05725856E8
3.82427424E8
4.58306528E8
5.4002848E8
6.1975027E8
7.1001824E8
8.1238893E8
9.1778189E8
1.01609446E9
1.10406579E9
1.19420109E9
1.28972416E9
1.37368384E9
1.4576887E9
1.53506355E9
1.64059059E9
1.75732224E9
1.86298035E9
1.97325056E9
2.06618394E9
2.07675878E9
2.07676506E9
2.08763238E9
2.09923789E9
2.11168435E9
2.11360627E9
2.13002944E9
2.14624422E9
2.16256307E9
2.16296294E9
2.17582822E9
2.18960794E9
2.20297062E9
2.20297062E9
2.21661722E9
2.21682227E9
2.23245133E9
2.25032909E9
2.26757709E9
2.26779674E9
2.3227479E9
2.37468877E9
2.42956058E9
2.48407117E9
2.53930778E9
2.60695091E9
2.66704768E9
2.73858509E9
2.80299443E9
2.86962918E9
2.92422938E9
2.98558669E9
3.04233139E9
3.10083277E9
3.16544358E9
3.23531622E9
3.30711936E9
3.37637094E9
3.44504346E9
3.51359386E9
