0.114453
0.13664566
0.15060456
0.007826069
0.10671454
0.03507322
0.028106926
0.03546004
0.12166644
0.020591602
0.0047585974
0.09972113
0.11940794
0.089889854
0.1386696
0.06414859
0.0333219
0.031784896
0.11227283
0.043504372
0.25554729
0.23596206
0.2317543
0.24317892
0.24115738
0.21100344
0.25280577
0.25427616
0.21916455
0.21924154
0.24258795
0.24157459
0.23329936
0.2261684
0.20548475
0.23222743
0.24782835
0.220001
0.23033533
0.20577404
0.18459609
0.0050444156
0.1655953
0.17475013
0.17856975
0.031622
0.20544599
0.14739601
0.20308225
0.016952485
0.18099296
0.1788919
0.1472004
0.007719875
0.17816737
0.041547302
0.13335693
0.16500227
0.16597506
0.04706614
0.3081624
0.31798017
0.31040987
0.33462062
0.3108324
0.32767487
0.29033956
0.32773787
0.31273362
0.32693216
0.3116425
0.3163384
0.3005008
0.31877849
0.31398183
0.32067338
0.3086694
0.31002897
0.32625824
0.32668677
0.114453
0.13664566
0.15060456
0.007826069
0.10671454
0.03507322
0.028106926
0.03546004
0.12166644
0.020591602
0.0047585974
0.09972113
0.11940794
0.089889854
0.1386696
0.06414859
0.0333219
0.031784896
0.11227283
0.043504372
0.25554729
0.23596206
0.2317543
0.24317892
0.24115738
0.21100344
0.25280577
0.25427616
0.21916455
0.21924154
0.24258795
0.24157459
0.23335974
0.2261684
0.20548475
0.23224759
0.24782835
0.220001
0.23033533
0.20577404
0.18459609
0.0050444156
0.1655953
0.17475013
0.17856975
0.031622
0.20544599
0.14739601
0.20308225
0.016952485
0.18099296
0.1788919
0.1472004
0.007719875
0.17816737
0.041547302
0.13335693
0.16500227
0.16597506
0.04706614
0.3081624
0.31798017
0.31040987
0.33462062
0.3108324
0.32767487
0.29032296
0.32773787
0.31273362
0.32693216
0.31164095
0.3163384
0.3005008
0.31877849
0.31398183
0.32067338
0.3086694
0.31002897
0.32625824
0.32668677
0.114453
0.13664566
0.15060456
0.007826069
0.10671454
0.03507322
