2.1864762E7
4.658072E7
7.2373544E7
7.3330672E7
9.5403712E7
9.6618136E7
9.7510888E7
9.8651304E7
1.2729968E8
1.28303192E8
1.28796208E8
1.51869328E8
1.77812112E8
1.98706976E8
2.26613344E8
2.27981264E8
2.29069408E8
2.35516928E8
2.66329472E8
2.73307136E8
3.86365312E8
4.8458192E8
5.7880973E8
6.8454202E8
7.9121709E8
8.9038752E8
1.0167785E9
1.14597082E9
1.25827366E9
1.35758144E9
1.4757833E9
1.59831782E9
1.69979469E9
1.79924186E9
1.88579558E9
2.0033801E9
2.14717414E9
2.26513664E9
2.39334323E9
2.4928E9
2.50647578E9
2.50647578E9
2.52092518E9
2.53663821E9
2.5535831E9
2.55588634E9
2.57768755E9
2.5958208E9
2.61804365E9
2.6185303E9
2.63660646E9
2.6547433E9
2.67093914E9
2.67093914E9
2.6897449E9
2.69009792E9
2.7076521E9
2.72792192E9
2.74905318E9
2.74943718E9
2.81836314E9
2.88737434E9
2.95637299E9
3.03346406E9
3.10358528E9
3.19346509E9
3.2647511E9
3.35952691E9
3.43946035E9
3.52451507E9
3.59473741E9
3.67473203E9
3.74677658E9
3.8200919E9
3.90710861E9
3.99515802E9
4.08254797E9
4.16797338E9
4.25275392E9
4.3403489E9
2.1864762E7
4.658072E7
7.2373544E7
7.3330672E7
9.5403712E7
9.6618136E7
9.7510888E7
9.8651304E7
1.2729968E8
1.28303192E8
1.28796208E8
1.51869328E8
1.77812112E8
1.98706976E8
2.26613344E8
2.27981264E8
2.29069408E8
2.35516928E8
2.66329472E8
2.73307136E8
3.86365312E8
4.8458192E8
5.7880973E8
6.8454202E8
7.9121709E8
8.9038752E8
1.0167785E9
1.14597082E9
1.25827366E9
1.35758144E9
1.4757833E9
1.59831782E9
1.69977766E9
1.79922496E9
1.88577869E9
2.00335578E9
2.14714982E9
2.26511206E9
2.39331866E9
2.49277542E9
2.5064512E9
2.5064512E9
2.52090061E9
2.53661363E9
2.55355853E9
2.55586176E9
2.57766298E9
2.59579622E9
2.61801907E9
2.61850573E9
2.63658189E9
2.65471872E9
2.67091456E9
2.67091456E9
2.68972032E9
2.69007334E9
2.70762752E9
2.72789734E9
2.74902861E9
2.74941261E9
2.81833856E9
2.88734976E9
2.95634842E9
3.03343949E9
3.1035607E9
3.19344051E9
3.26475162E9
3.35952742E9
3.43946086E9
3.52451558E9
3.59473792E9
3.67473254E9
3.74677709E9
3.82009242E9
3.90710912E9
3.99515853E9
4.08254848E9
4.16797389E9
4.25275443E9
4.34035E9
2.1864762E7
4.658072E7
7.2373544E7
7.3330672E7
9.5403712E7
9.6618136E7
