0.36987945
0.39167625
0.38593617
0.19149168
0.3665165
0.1143263
0.1308656
0.11209992
0.3924871
0.17571655
0.20676567
0.33547744
0.36126554
0.33259344
0.3758123
0.08453231
0.09440413
0.289313
0.33502048
0.33415422
0.44571885
0.42138666
0.4111804
0.42878184
0.42280027
0.3947161
0.43744442
0.45342493
0.4293415
0.40137556
0.41956753
0.43990123
0.4102981
0.40518203
0.36058468
0.4282579
0.4387294
0.39737254
0.4243372
0.3787413
0.3439138
0.002237214
0.3536479
0.34040725
0.37234506
0.24852626
0.38335267
0.30634758
0.35998064
0.140904
0.3687445
0.37888703
0.2971258
0.004379869
0.37132382
0.033794962
0.2937566
0.3523536
0.33808094
0.03777193
0.46067777
0.45429534
0.44594106
0.46940163
0.45287693
0.46486327
0.421206
0.46808267
0.45056307
0.45326078
0.3630851
0.4552087
0.42438528
0.45117342
0.4582175
0.4565982
0.43832642
0.44830927
0.45869514
0.459351
