823.19806
867.1001
880.2729
845.8142
823.20306
788.4229
799.3717
783.77216
838.9654
756.1965
763.60376
819.15405
840.3441
775.6476
863.89734
803.8413
774.0962
778.4764
809.81323
819.8466
881.3097
846.9681
843.85455
865.0402
864.46564
819.60626
868.2457
873.4335
843.4184
826.7134
891.70734
876.4688
859.45013
849.2791
811.1023
851.44257
870.69434
843.3448
863.25385
804.2603
841.2078
737.3968
824.5038
828.80475
841.0057
783.3214
860.1025
791.04895
845.6688
822.6391
851.8245
851.80396
784.2501
759.57794
857.21466
772.55493
774.22473
825.9652
833.77856
784.1989
873.76514
879.1271
868.7461
892.1734
868.013
887.04156
834.536
895.8816
869.6951
871.3921
948.856
880.99005
869.00806
871.2384
894.7139
881.6886
869.0673
887.9464
881.39307
886.8263
