0.5312022
0.5546081
0.5584823
0.60473526
0.5392427
0.5669906
0.6128641
0.5786468
0.5362481
0.5590832
0.5477134
0.5478771
0.53965855
0.50750464
0.54783076
0.6386885
0.57259226
0.5291612
0.53716385
0.5475804
0.5523258
0.53831905
0.55141455
0.5459647
0.55039
0.5354555
0.5492135
0.53921235
0.5291908
0.53446203
0.5765242
0.55028325
0.5620621
0.5563978
0.5435766
0.5423448
0.54689616
0.55122083
0.5565368
0.52692634
0.595977
0.6453794
0.5770314
0.5823419
0.57709396
0.56610745
0.5821552
0.55807066
0.5691533
0.62093645
0.57772815
0.57406765
0.5540211
0.6612979
0.58217067
0.6528491
0.55118287
0.56850237
0.5829845
0.6512397
0.5751103
0.589784
0.58169603
0.5901272
0.57198536
0.58361876
0.5640259
0.58164436
0.5757729
0.5718847
0.6364914
0.5880443
0.59090334
0.5862458
0.58238226
0.5843019
0.58304906
0.5958965
0.5844772
0.58319294
