0.45625106
0.47684693
0.51099277
0.5334517
0.4541541
0.51173955
0.44868302
0.501346
0.4566794
0.44039038
0.4566045
0.45747128
0.4839734
0.44058624
0.50155747
0.44434372
0.49331775
0.44936407
0.45807108
0.46084338
0.47317743
0.4444362
0.4387415
0.47177327
0.46212548
0.42609265
0.46569636
0.47251138
0.45922694
0.4377796
0.47429597
0.47084674
0.45672143
0.45461506
0.43150303
0.4477819
0.47377017
0.4516552
0.45937917
0.43039724
0.42792615
0.3473957
0.42134896
0.4318725
0.44535717
0.46099237
0.45865604
0.4370005
0.47331
0.5049026
0.4718608
0.46806636
0.43246442
0.36458653
0.47933283
0.4018767
0.42120785
0.4444955
0.44553593
0.41729563
0.4422959
0.42126286
0.43606818
0.43536225
0.43868995
0.4511426
0.4145074
0.47037688
0.44385335
0.4505155
0.55872095
0.4563704
0.44200873
0.43964237
0.47358993
0.44891432
0.44365498
0.45074135
0.44360355
0.45976835
