0.19356054
0.19356054
0.22847542
0.23049575
0.04043423
0.18349414
0.030292114
0.022909505
0.031947464
0.19427787
0.034861773
0.020257665
0.16327874
0.20256285
0.1389991
0.21651603
0.045581315
0.030269098
0.074312635
0.16062866
0.111034386
0.32463765
0.29543382
0.283485
0.30344573
0.30475295
0.25648758
0.31001705
0.31406122
0.26909783
0.26406276
0.30959165
0.30762282
0.28892386
0.27580848
0.24127741
0.28563184
0.30797538
0.26927415
0.2875786
0.24112043
0.25632071
0.0028554574
0.2482595
0.24458873
0.26171535
0.10673135
0.2790909
0.19889328
0.2681026
0.034256194
0.26307094
0.2619608
0.20612548
0.004331638
0.27018565
0.026109116
0.1890939
0.22841957
0.23591676
0.03076451
0.37304994
0.37717313
0.36469987
0.394976
0.36612868
0.39345118
0.33778483
0.3956858
0.37129426
0.3863681
0.37109336
0.37714764
0.3519554
0.3727685
0.3767337
0.37744927
0.36203068
0.36977005
0.38116997
0.38647318
0.19356054
0.22847542
0.23049575
0.04043423
0.18349414
0.030292114
0.022909505
0.031947464
0.19427787
0.034861773
0.020257665
0.16327874
0.20256285
0.1389991
0.21651603
0.045581315
0.030269098
0.074312635
0.16062866
0.111034386
0.32463765
0.29543382
0.283485
0.30344573
0.30475295
0.25648758
0.31001705
0.31406122
0.26909783
0.26406276
0.30959165
0.30762282
0.28898627
0.27580848
0.24127741
0.28563184
0.30797538
0.26927415
0.2875786
0.24112043
0.25632071
0.0028554574
0.2482595
0.24458873
0.26171535
0.10673135
0.2790909
0.19889328
0.2681026
0.034256194
0.26307094
0.2619608
0.20612548
0.004331638
0.27018565
0.026109116
0.1890939
0.22841957
0.23591676
0.03076451
0.37304994
0.37717313
0.36469987
0.394976
0.36612868
0.39345118
0.33777928
0.3956858
0.37129426
0.3863681
0.36305907
0.37714764
0.3519554
0.3727685
0.3767337
0.37744927
0.36203068
0.36977005
0.38116997
0.38647318
0.19356054
0.22847542
0.23049575
0.04043423
0.18349414
0.030292114
0.022909505
0.031947464
0.19427787
0.034861773
0.020257665
0.16327874
0.20256285
0.1389991
0.21651603
0.045581315
0.030269098
0.074312635
0.16062866
0.111034386
0.32463765
0.29543382
0.283485
0.30344573
0.30475295
0.25648758
0.31001705
0.31406122
0.26909783
0.26406276
0.30959165
0.30762282
0.28898627
0.27580848
0.24127741
0.28563696
0.30797538
0.26927415
0.2875786
0.24112043
0.25632071
0.0028554574
0.2482595
0.24458873
0.26171535
0.10673135
0.2790909
0.19889328
0.2681026
0.034256194
0.26307094
0.2619608
0.20612548
0.004331638
0.27018565
0.026109116
0.1890939
0.22841957
0.23591676
0.03076451
0.37304994
0.37717313
0.36469987
0.394976
0.36612868
0.39345118
0.33777153
0.3956858
0.37129426
0.3863681
0.3630607
0.37714764
0.3519554
0.3727685
0.3767337
0.37744927
0.36203068
0.36977005
0.38116997
0.38647318
