2.664383E7
5.9521436E7
9.4061832E7
9.6414704E7
1.21913584E8
1.23700648E8
1.24565168E8
1.26384192E8
1.58720288E8
1.59480208E8
1.60229744E8
1.89284528E8
2.26810032E8
2.52376512E8
2.92420448E8
2.9422176E8
2.95946464E8
3.02205312E8
3.38920448E8
3.45854432E8
4.64416096E8
5.5929517E8
6.4982003E8
7.5704845E8
8.7288768E8
9.7772224E8
1.10375091E9
1.23455334E9
1.34787187E9
1.44834189E9
1.58031424E9
1.71979379E9
1.81981197E9
1.91713229E9
2.00249664E9
2.13674368E9
2.28942797E9
2.4167552E9
2.54982963E9
2.6585152E9
2.66706867E9
2.66706867E9
2.67683072E9
2.68686592E9
2.69764429E9
2.69902822E9
2.71448576E9
2.72669952E9
2.74367974E9
2.74389146E9
2.75835059E9
2.77173478E9
2.78259021E9
2.78259046E9
2.79748122E9
2.79770138E9
2.81086566E9
2.82702669E9
2.84387507E9
2.84414592E9
2.88154522E9
2.92067277E9
2.95765171E9
3.00461286E9
3.04353843E9
3.10586701E9
3.15267405E9
3.22003072E9
3.27573274E9
3.33555661E9
3.38833766E9
3.43872051E9
3.48454656E9
3.53055898E9
3.58900762E9
3.65301248E9
3.71601613E9
3.77807642E9
3.83972582E9
3.9039785E9
1.5268172E7
1.5268172E7
3.256204E7
5.0418548E7
5.1245272E7
6.7458856E7
6.8484696E7
6.91208E7
7.0127472E7
9.4478584E7
9.5384608E7
9.583156E7
1.1342796E8
1.3300732E8
1.49490032E8
1.70145424E8
1.71041136E8
1.7199616E8
1.77756544E8
2.04374064E8
2.10394704E8
2.9155552E8
3.65206624E8
4.371192E8
5.16091808E8
5.938256E8
6.8034739E8
7.8192666E8
8.8625363E8
9.833447E8
1.06852998E9
1.15490765E9
1.24740902E9
1.32685696E9
1.40565978E9
1.47820966E9
1.58008666E9
1.69577907E9
1.79674598E9
1.90291213E9
1.99240755E9
2.00213824E9
2.00214592E9
2.01264128E9
2.02353728E9
2.03541082E9
2.03731558E9
2.05372634E9
2.0690903E9
2.08567821E9
2.08607834E9
2.09849651E9
2.11166963E9
2.12464922E9
2.12466086E9
2.13756352E9
2.13797658E9
2.15296998E9
2.17034624E9
2.187328E9
2.18753664E9
2.24007552E9
2.28951424E9
2.34237286E9
2.3952919E9
2.44916813E9
2.51606733E9
2.57517312E9
2.64544077E9
2.70861722E9
2.77398579E9
2.82528128E9
2.88517581E9
2.94088602E9
2.99787315E9
3.06087398E9
3.13042355E9
3.20009139E9
3.26856371E9
3.33480832E9
3.40202061E9
1.5268172E7
3.256204E7
5.0418548E7
5.1245272E7
6.7458856E7
6.8484696E7
6.91208E7
7.0127472E7
9.4478584E7
9.5384608E7
9.583156E7
1.1342796E8
1.3300732E8
1.49490032E8
1.70145424E8
1.71041136E8
1.7199616E8
1.77756544E8
2.04374064E8
2.10394704E8
2.9155552E8
3.65206624E8
4.371192E8
5.16091808E8
5.938256E8
6.8034739E8
7.8192666E8
8.8625363E8
9.833447E8
1.06852998E9
1.15490765E9
1.24740902E9
1.32683917E9
1.40564211E9
1.478192E9
1.58006899E9
1.69576141E9
1.79672832E9
1.90289446E9
1.99238989E9
2.00212058E9
2.00212826E9
2.01262362E9
2.02351962E9
2.03539315E9
2.03729792E9
2.05370867E9
2.06907264E9
2.08566054E9
2.08606067E9
2.09847885E9
2.11165197E9
2.12463155E9
2.1246432E9
2.13754586E9
2.13795891E9
2.15295258E9
2.17032883E9
2.18731059E9
2.18751923E9
2.24005811E9
2.28949683E9
2.34235546E9
2.3952745E9
2.44915072E9
2.51604992E9
2.57515494E9
2.64542259E9
2.70859904E9
2.77396762E9
2.82676224E9
2.88665702E9
2.94236723E9
2.99935437E9
3.0623552E9
3.13190477E9
3.20157261E9
3.27004493E9
3.33628954E9
3.40350182E9
1.5268172E7
3.256204E7
5.0418548E7
5.1245272E7
6.7458856E7
6.8484696E7
6.91208E7
7.0127472E7
9.4478584E7
9.5384608E7
9.583156E7
1.1342796E8
1.3300732E8
1.49490032E8
1.70145424E8
1.71041136E8
1.7199616E8
1.77756544E8
2.04374064E8
2.10394704E8
2.9155552E8
3.65206624E8
4.371192E8
5.16091808E8
5.938256E8
6.8034739E8
7.8192666E8
8.8625363E8
9.833447E8
1.06852998E9
1.15490765E9
1.24740902E9
1.32683917E9
1.40564211E9
1.478192E9
1.58006438E9
1.6957568E9
1.79672371E9
1.90288986E9
1.99238528E9
2.00211597E9
2.00212365E9
2.01261901E9
2.02351501E9
2.03538854E9
2.03729331E9
2.05370406E9
2.06906803E9
2.08565594E9
2.08605606E9
2.09847424E9
2.11164736E9
2.12462694E9
2.12463859E9
2.13754125E9
2.1379543E9
2.15294797E9
2.17032422E9
2.18730598E9
2.18751462E9
2.2400535E9
2.28949222E9
2.34235085E9
2.39526989E9
2.44914611E9
2.51604531E9
2.57516774E9
2.64543539E9
2.70861184E9
2.77398042E9
2.82677504E9
2.88666982E9
2.94238003E9
2.99936717E9
3.062368E9
3.13191757E9
3.20158541E9
3.27005773E9
3.33630234E9
3.40351462E9
