1.17440536E8
2.62842448E8
4.08378208E8
4.24320192E8
5.3312336E8
5.3796179E8
5.4412979E8
5.4772454E8
6.6936909E8
6.7993472E8
6.9496224E8
7.9455654E8
9.1417357E8
1.0027504E9
1.14357952E9
1.14518771E9
1.14845811E9
1.18422285E9
1.28585318E9
1.33263347E9
1.8015447E9
2.18918118E9
2.54058906E9
2.95511552E9
3.39669402E9
3.70567987E9
4.15477734E9
4.6150892E9
4.9659146E9
5.284928E9
5.7432566E9
6.1969659E9
6.5594173E9
6.9006612E9
7.1657646E9
7.5561917E9
8.0267899E9
8.3798651E9
8.7807222E9
9.0719734E9
9.1649188E9
9.1649188E9
9.2578888E9
9.3502577E9
9.4517023E9
9.4730895E9
9.5875666E9
9.6575222E9
9.7706803E9
9.7775217E9
9.8847396E9
9.9871877E9
1.00592691E10
1.00593162E10
1.01652552E10
1.01655491E10
1.02333778E10
1.03215596E10
1.04121539E10
1.0412546E10
1.07294505E10
1.10518385E10
1.13628723E10
1.17419694E10
1.20601027E10
1.24373463E10
1.27140536E10
1.31158354E10
1.34534011E10
1.38210191E10
1.40873011E10
1.44246723E10
1.47261757E10
1.50455839E10
1.54274406E10
1.57818112E10
1.61120809E10
1.6450817E10
1.67956408E10
1.7166976E10
0.0
0.0
0.0
0.0
0.0
0.0
0.0
0.0
0.0
0.0
0.0
0.0
0.0
0.0
0.0
0.0
0.0
0.0
0.0
0.0
0.0
0.0
0.0
0.0
0.0
0.0
0.0
0.0
0.0
0.0
0.0
0.0
0.0
0.0
0.0
0.0
0.0
0.0
0.0
0.0
0.0
0.0
0.0
0.0
0.0
0.0
0.0
0.0
0.0
0.0
0.0
0.0
0.0
0.0
0.0
0.0
0.0
0.0
0.0
0.0
0.0
0.0
0.0
0.0
0.0
0.0
0.0
0.0
0.0
0.0
0.0
0.0
0.0
0.0
0.0
0.0
0.0
0.0
0.0
0.0
0.0
0.0
0.0
0.0
0.0
0.0
0.0
0.0
0.0
0.0
0.0
0.0
0.0
0.0
0.0
0.0
0.0
0.0
0.0
0.0
0.0
0.0
0.0
0.0
0.0
0.0
0.0
0.0
0.0
0.0
0.0
0.0
0.0
0.0
0.0
0.0
0.0
0.0
0.0
0.0
0.0
0.0
0.0
0.0
0.0
0.0
0.0
0.0
0.0
0.0
0.0
0.0
0.0
0.0
0.0
0.0
0.0
0.0
0.0
0.0
0.0
0.0
0.0
0.0
0.0
0.0
0.0
0.0
0.0
0.0
0.0
0.0
0.0
0.0
0.0
0.0
0.0
0.0
0.0
0.0
0.0
0.0
0.0
0.0
0.0
0.0
0.0
0.0
0.0
0.0
0.0
0.0
0.0
0.0
0.0
0.0
0.0
0.0
0.0
0.0
0.0
0.0
0.0
0.0
0.0
0.0
0.0
0.0
0.0
0.0
0.0
0.0
0.0
0.0
0.0
0.0
0.0
0.0
0.0
0.0
0.0
0.0
0.0
0.0
0.0
0.0
0.0
0.0
0.0
0.0
0.0
0.0
0.0
0.0
0.0
0.0
0.0
0.0
0.0
0.0
0.0
0.0
0.0
0.0
0.0
0.0
0.0
0.0
0.0
0.0
0.0
0.0
0.0
0.0
0.0
0.0
0.0
0.0
0.0
0.0
0.0
