0.08795746
0.0838956
0.088372245
0.007898678
0.08535973
0.034148347
0.028047618
0.03510194
0.09304119
0.020805925
0.004788713
0.08528674
0.0893081
0.08750889
0.09342087
0.07075053
0.03242571
0.029344454
0.100186445
0.027364982
0.2038884
0.19897519
0.20415118
0.20335214
0.1853377
0.19574377
0.20150064
0.2067721
0.20628583
0.19891675
0.19247314
0.1960487
0.20685421
0.20485461
0.1983442
0.2029072
0.20056076
0.19809328
0.20111322
0.1955346
0.12064389
0.005928676
0.11504414
0.12154294
0.1219105
0.02023308
0.12947087
0.12976772
0.12818539
0.016992036
0.11800148
0.12999919
0.1207368
0.0092115775
0.11851427
0.047376297
0.11642556
0.13289733
0.123102516
0.05355616
0.26862493
0.2698723
0.27090377
0.2647959
0.26686713
0.26444963
0.25842938
0.2547085
0.2588249
0.26544026
0.26029912
0.27090424
0.26061055
0.27351922
0.25415823
0.2656981
0.26444802
0.2615117
0.27818924
0.26980913
