676.31726
693.8335
689.9626
751.617
682.4378
633.3234
643.66486
632.81964
646.4203
602.68536
638.67035
681.5
687.83984
650.6705
693.6804
737.41425
648.579
631.84625
646.6342
632.77954
723.9592
711.2319
705.85034
712.8699
705.9215
679.4883
695.2773
687.35803
673.6005
675.16846
720.41406
711.0811
710.8273
706.9683
705.33856
678.44727
678.52313
688.72876
687.6219
669.4068
696.04614
772.97003
683.98663
687.7132
686.4886
608.52496
663.67523
642.1665
658.24133
639.9469
677.66364
687.23004
659.41095
759.49695
672.90564
727.3747
641.8524
655.67505
665.8961
736.5416
726.6947
737.7113
720.3976
739.62445
721.43024
724.2646
699.5149
720.3734
706.0272
710.5556
721.14044
724.1826
722.43225
728.4059
732.75555
716.4068
714.8285
713.0685
722.5098
720.0027
