2.2175978E7
4.7552584E7
7.408056E7
7.5060448E7
9.7390768E7
9.8573064E7
9.9465392E7
1.0058748E8
1.29480544E8
1.30494384E8
1.30990152E8
1.54281904E8
1.8058128E8
2.0159296E8
2.30143376E8
2.31747664E8
2.3281064E8
2.39253232E8
2.70147808E8
2.77091968E8
3.92224448E8
4.9172576E8
5.8701517E8
6.9449094E8
8.0327437E8
9.0297581E8
1.03179494E9
1.16311859E9
1.27598157E9
1.37601075E9
1.49748454E9
1.62255539E9
1.72545562E9
1.82613978E9
1.91317798E9
2.03221862E9
2.17909043E9
2.29819776E9
2.42811315E9
2.52804608E9
2.54219981E9
2.54219981E9
2.55692595E9
2.57300813E9
2.59037005E9
2.59267738E9
2.61529242E9
2.63355878E9
2.6565079E9
2.65699814E9
2.67570381E9
2.69424102E9
2.7105943E9
2.7105943E9
2.7299433E9
2.73036954E9
2.7480791E9
2.7686167E9
2.79011174E9
2.79057587E9
2.86027802E9
2.93032141E9
3.0002048E9
3.07900928E9
3.15007821E9
3.24198938E9
3.31423795E9
3.41128602E9
3.49269965E9
3.57995187E9
3.65221658E9
3.73381299E9
3.80720512E9
3.88195994E9
3.97162342E9
4.06218547E9
4.15166566E9
4.23918643E9
4.3260175E9
4.4163261E9
