0.60564023
0.5994577
0.62460667
0.6263856
0.6230133
0.5584888
0.49360794
0.54112744
0.6352949
0.55880815
0.5604394
0.601224
0.6385661
0.5981373
0.6220707
0.48546582
0.5634191
0.61253554
0.6069623
0.6078683
0.6234879
0.608312
0.58934057
0.61571145
0.59961396
0.5874566
0.61612606
0.64295816
0.65532804
0.58776027
0.58771884
0.6390249
0.59372437
0.591352
0.5694752
0.6128621
0.6291429
0.6171211
0.629914
0.5859929
0.5424906
0.47572225
0.5582983
0.5657948
0.59035146
0.6044998
0.59475076
0.5913344
0.5789692
0.5835375
0.58908594
0.6088167
0.55942756
0.4769495
0.6032804
0.4840343
0.56280154
0.5825419
0.575176
0.4845879
0.61117893
0.5728395
0.58786285
0.5654742
0.59883237
0.6049747
0.56696624
0.62816644
0.59655267
0.59467417
0.55872095
0.61079323
0.57566154
0.58463335
0.61364967
0.59685856
0.59216565
0.5954283
0.5892265
0.5881616
0.60564023
0.5994577
0.62460667
0.6263856
0.6230133
0.5584888
0.49360794
0.54112744
0.6352949
0.55880815
0.5604394
0.601224
0.6385661
0.5981373
0.6220707
0.48546582
0.5634191
0.61253554
0.6069623
0.6078683
0.6234879
0.608312
0.58934057
0.61571145
0.59961396
0.5874566
0.61612606
0.64295816
0.65532804
0.58776027
0.58771884
0.6390249
0.59372437
0.591352
0.5694752
0.6128621
0.6291429
0.6171211
0.629914
0.5859929
0.5424906
0.47572225
0.5582983
0.5657948
0.59035146
0.6044998
0.59475076
0.5913344
0.5789692
0.5835375
0.58908594
0.6088167
0.55942756
0.4769495
0.6032804
0.4840343
0.56280154
0.5825419
0.575176
0.4845879
0.61117893
0.5728395
0.58786285
0.5654742
0.59883237
0.6049747
0.56696624
0.62816644
0.59655267
0.59467417
0.55872095
0.61079323
0.57566154
0.58463335
0.61364967
0.59685856
0.59216565
0.5954283
0.5892265
0.5881616
