0.64095396
0.64756674
0.64928705
0.6744966
0.66021746
0.6353861
0.64644
0.6434515
0.62948424
0.6269139
0.6383158
0.66202444
0.6531872
0.63656557
0.65225834
0.67055285
0.6557138
0.6381907
0.63041055
0.63189685
0.6543413
0.65438867
0.6527281
0.6509226
0.6463903
0.64376014
0.6343886
0.6312384
0.6388913
0.6381589
0.6537102
0.64974535
0.6553604
0.65881455
0.6634578
0.6330502
0.6216261
0.6436349
0.639181
0.63616437
0.6565548
0.69439507
0.65276414
0.65070814
0.64747876
0.6102396
0.62521785
0.6265569
0.60854065
0.64595747
0.6367741
0.648979
0.63387156
0.70153946
0.63549125
0.68249047
0.6176987
0.6240245
0.63274246
0.67829436
0.6520485
0.6566435
0.6482393
0.6500879
0.64820546
0.6343258
0.6316625
0.63701695
0.6357861
0.6265325
0.6364914
0.6497799
0.6497838
0.6535246
0.6489559
0.63980067
0.6369982
0.63899535
0.64034295
0.6385416
0.64095396
0.64756674
0.64928705
0.6744966
0.66021746
0.6353861
0.64644
0.6434515
0.62948424
0.6269139
0.6383158
0.66202444
0.6531872
0.63656557
0.65225834
0.67055285
0.6557138
0.6381907
0.63041055
0.63189685
0.6543413
0.65438867
0.6527281
0.6509226
0.6463903
0.64376014
0.6343886
0.6312384
0.6388913
0.6381589
0.6537102
0.64974535
0.6553604
0.65881455
0.6634578
0.6330502
0.6216261
0.6436349
0.639181
0.63616437
0.6565548
0.69439507
0.65276414
0.65070814
0.64747876
0.6102396
0.62521785
0.6265569
0.60854065
0.64595747
0.6367741
0.648979
0.63387156
0.70153946
0.63549125
0.68249047
0.6176987
0.6240245
0.63274246
0.67829436
0.6520485
0.6566435
0.6482393
0.6500879
0.64820546
0.6343258
0.6316625
0.63701695
0.6357861
0.6265325
0.6364914
0.6497799
0.6497838
0.6535246
0.6489559
0.63980067
0.6369982
0.63899535
0.64034295
0.6385416
