926.70654
940.9648
953.1601
933.1064
943.5952
859.83905
840.6484
850.61957
937.97095
860.27094
864.23944
931.7712
954.958
902.5564
948.97235
840.02814
876.045
904.6668
912.24274
905.853
981.399
965.7262
949.81805
967.1396
958.5541
934.4451
960.0029
972.7575
968.81055
930.97943
964.33496
981.2181
954.0802
950.2934
932.1841
949.7501
956.7517
954.25195
964.8406
919.58264
925.4861
848.90643
928.0008
929.9925
942.7905
880.07526
937.4859
906.9025
908.57776
886.6704
933.24316
950.7296
893.2236
854.72974
936.54626
845.7479
878.3062
910.3573
917.5744
843.7679
988.7575
982.6832
969.5832
977.1447
977.7
982.4747
939.4836
997.6215
967.01807
967.2672
948.85626
981.249
960.148
972.0851
989.826
975.71783
964.6538
972.1801
972.80444
970.8173
926.70654
940.9648
953.1601
933.1064
943.5952
859.83905
840.6484
850.61957
937.97095
860.27094
864.23944
931.7712
954.958
902.5564
948.97235
840.02814
876.045
904.6668
912.24274
905.853
981.399
965.7262
949.81805
967.1396
958.5541
934.4451
960.0029
972.7575
968.81055
930.97943
964.33496
981.2181
954.0802
950.2934
932.1841
949.7501
956.7517
954.25195
964.8406
919.58264
925.4861
848.90643
928.0008
929.9925
942.7905
880.07526
937.4859
906.9025
908.57776
886.6704
933.24316
950.7296
893.2236
854.72974
936.54626
845.7479
878.3062
910.3573
917.5744
843.7679
988.7575
982.6832
969.5832
977.1447
977.7
982.4747
939.4836
997.6215
967.01807
967.2672
948.85626
981.249
960.148
972.0851
989.826
975.71783
964.6538
972.1801
972.80444
970.8173
