1.5267146E7
3.2561014E7
5.0417524E7
5.1244248E7
6.7457832E7
6.8483672E7
6.9119776E7
7.0126448E7
9.447756E7
9.5383584E7
9.5830536E7
1.13426936E8
1.33006296E8
1.49489008E8
1.701444E8
1.71040112E8
1.71995136E8
1.7775552E8
2.0437304E8
2.1039368E8
2.91554528E8
3.6520496E8
4.37117536E8
5.16090144E8
5.9382394E8
6.8034573E8
7.8192499E8
8.8625197E8
9.8334304E8
1.06852832E9
1.15490586E9
1.24740723E9
1.32681779E9
1.40562061E9
1.4781705E9
1.57989696E9
1.69558938E9
1.79655629E9
1.90272243E9
1.99221786E9
2.00194854E9
2.00195622E9
2.01245158E9
2.02334758E9
2.03522112E9
2.03712589E9
2.05353664E9
2.06890061E9
2.08548851E9
2.08588864E9
2.09830682E9
2.11147994E9
2.12445952E9
2.12447117E9
2.13737382E9
2.13778688E9
2.15278106E9
2.17015731E9
2.18713907E9
2.18734771E9
2.23988659E9
2.28932531E9
2.34218394E9
2.39510298E9
2.4489792E9
2.5158784E9
2.57494246E9
2.64521011E9
2.70838656E9
2.77375514E9
2.82653594E9
2.88643072E9
2.94214093E9
2.99912806E9
3.0621289E9
3.13167846E9
3.2013463E9
3.26981862E9
3.33606323E9
3.40327552E9
1.5267146E7
3.2561014E7
5.0417524E7
5.1244248E7
6.7457832E7
6.8483672E7
6.9119776E7
7.0126448E7
9.447756E7
9.5383584E7
9.5830536E7
1.13426936E8
1.33006296E8
1.49489008E8
1.701444E8
1.71040112E8
1.71995136E8
1.7775552E8
2.0437304E8
2.1039368E8
2.91554528E8
3.6520496E8
4.37117536E8
5.16090144E8
5.9382394E8
6.8034573E8
7.8192499E8
8.8625197E8
9.8334304E8
1.06852832E9
1.15490586E9
1.24740723E9
1.32681779E9
1.40562061E9
1.4781705E9
1.57989696E9
1.69558938E9
1.79655629E9
1.90272243E9
1.99221786E9
2.00194854E9
2.00195622E9
2.01245158E9
2.02334758E9
2.03522112E9
2.03712589E9
2.05353664E9
2.06890061E9
2.08548851E9
2.08588864E9
2.09830682E9
2.11147994E9
2.12445952E9
2.12447117E9
2.13737382E9
2.13778688E9
2.15278106E9
2.17015731E9
2.18713907E9
2.18734771E9
2.23988659E9
2.28932531E9
2.34218394E9
2.39510298E9
2.4489792E9
2.5158784E9
2.57494246E9
2.64521011E9
2.70838656E9
2.77375514E9
2.82653594E9
2.88643072E9
2.94214093E9
2.99912806E9
3.0621289E9
3.13167846E9
3.2013463E9
3.26981862E9
3.33606323E9
3.40327552E9
